image_00000 227 264 246 294
image_00001 227 264 246 294
image_00002 227 263 246 294
image_00003 228 262 244 293
image_00004 226 262 246 295
image_00005 226 261 248 296
image_00006 227 258 246 294
image_00007 226 260 246 295
image_00008 227 260 246 296
image_00009 226 259 248 299
image_00010 224 259 248 300
image_00011 225 258 247 299
image_00012 224 259 247 299
image_00013 224 239 248 299
image_00014 223 239 251 301
image_00015 224 235 256 300
image_00016 224 237 252 302
image_00017 224 240 256 301
image_00018 227 241 261 302
image_00019 223 242 261 302
image_00020 223 240 258 301
image_00021 221 242 260 303
image_00022 222 245 261 302
image_00023 222 243 262 302
image_00024 222 242 263 303
image_00025 222 242 262 303
image_00026 221 246 262 303
image_00027 219 241 262 304
image_00028 220 244 265 303
image_00029 236 243 264 305
image_00030 234 243 264 304
image_00031 237 244 264 305
image_00032 236 241 263 306
image_00033 240 235 260 306
image_00034 240 236 264 307
image_00035 241 235 263 308
image_00036 241 234 269 305
image_00037 238 232 269 308
image_00038 240 233 270 308
image_00039 239 237 269 307
image_00040 239 236 270 309
image_00041 238 236 270 307
image_00042 237 235 270 310
image_00043 235 237 270 309
image_00044 237 239 271 308
image_00045 235 238 268 308
image_00046 236 238 269 306
image_00047 245 239 272 274
image_00048 247 239 271 273
image_00049 248 237 270 271
image_00050 249 239 268 269
image_00051 251 239 269 267
image_00052 251 243 269 271
image_00053 252 239 270 268
image_00054 252 243 269 265
image_00055 253 242 268 263
image_00056 255 243 269 264
image_00057 257 242 267 262
image_00058 257 237 269 262
image_00059 257 240 267 260
image_00060 257 240 267 260
image_00061 257 238 267 260
image_00062 256 236 266 259
image_00063 256 238 266 258
